image_width: 1280
image_height: 720
camera_name: laptop_camera
camera_matrix:
  rows: 3
  cols: 3
  data: [896.52536,   0.     , 601.7963 ,
           0.     , 890.21083, 337.16987,
           0.     ,   0.     ,   1.     ]
distortion_model: plumb_bob
distortion_coefficients:
  rows: 1
  cols: 5
  data: [-0.062302, 0.019812, 0.000840, -0.001953, 0.000000]
rectification_matrix:
  rows: 3
  cols: 3
  data: [1., 0., 0.,
         0., 1., 0.,
         0., 0., 1.]
projection_matrix:
  rows: 3
  cols: 4
  data: [870.18207,   0.     , 596.56491,   0.     ,
           0.     , 880.00244, 336.64876,   0.     ,
           0.     ,   0.     ,   1.     ,   0.     ]
